epoch:0 0.3525  0.7023  0.2996  0.1838  0.304  0.3807  0.3455  0.5139  0.5234  0.3113  0.4601  0.5509  0.5772  0.02
epoch:1 0.4142  0.7365  0.4251  0.1904  0.3361  0.4497  0.382  0.5653  0.575  0.3509  0.5095  0.605  0.3334  0.02
epoch:2 0.4267  0.7412  0.4493  0.1917  0.3377  0.4671  0.3895  0.5769  0.588  0.351  0.5193  0.618  0.2903  0.02
epoch:3 0.4562  0.7669  0.4946  0.2066  0.3645  0.4956  0.4085  0.5813  0.5886  0.3273  0.4981  0.6252  0.2615  0.02
epoch:4 0.4549  0.7578  0.4928  0.1884  0.3529  0.5024  0.4115  0.5903  0.5999  0.3273  0.5103  0.6386  0.2398  0.02
epoch:5 0.4458  0.7536  0.4815  0.1846  0.3497  0.4943  0.4043  0.5839  0.5926  0.2981  0.4998  0.6348  0.2232  0.02
epoch:6 0.4588  0.7569  0.5022  0.2011  0.358  0.5065  0.4147  0.5968  0.6045  0.3341  0.5155  0.6419  0.206  0.02
epoch:7 0.5069  0.7887  0.5662  0.2078  0.3932  0.5583  0.4423  0.6207  0.6268  0.3311  0.5141  0.6737  0.1694  0.002
epoch:8 0.5085  0.7895  0.5629  0.2086  0.3917  0.5623  0.4413  0.6215  0.6278  0.3295  0.5189  0.6753  0.1583  0.002
epoch:9 0.5105  0.7888  0.5671  0.204  0.3968  0.5636  0.4424  0.6206  0.6262  0.3133  0.5148  0.6746  0.1518  0.002
epoch:10 0.5102  0.7898  0.5696  0.2001  0.3936  0.5645  0.4406  0.6168  0.6221  0.3174  0.5036  0.672  0.1474  0.002
epoch:11 0.5148  0.7892  0.5695  0.1993  0.4003  0.5694  0.4437  0.6192  0.6242  0.3022  0.5136  0.6739  0.1443  0.002
epoch:12 0.5138  0.7883  0.5677  0.2023  0.3967  0.5682  0.444  0.6187  0.6232  0.3049  0.5062  0.6736  0.1395  0.0002
epoch:13 0.5136  0.7885  0.5721  0.1982  0.3955  0.568  0.4453  0.617  0.6219  0.3064  0.5034  0.6727  0.1396  0.0002
epoch:14 0.5144  0.789  0.5707  0.2008  0.397  0.569  0.4442  0.6178  0.6229  0.2948  0.5026  0.6739  0.138  0.0002
